22 20256584
64 9922564
376 8870858
313 8784046
13 8078103
447 5997994
243 5930351
804 5650659
276 5645168
275 5187542
303 4984393
4 4421292
379 3865724
628 3820370
274 3606359
177 3521805
95 3366125
365 2976623
27 2743357
435 2575639
7 2287751
436 2084730
156 1944564
229 1927320
154 1851696
214 1847923
337 1834172
25 1817982
26 1801916
418 1774967
426 1753490
23 1732529
319 1702495
549 1645246
159 1553285
439 1523205
57 1498965
174 1490746
678 1438904
444 1419641
187 1390488
8 1381278
185 1365851
387 1357215
373 1238643
166 1192291
889 1153958
754 1143554
466 1124221
163 1105713
453 1084800
378 1056221
785 1051592
505 1040675
558 1010982
14 1009840
37 990181
567 953982
468 950473
234 948288
33 916500
207 888719
364 888096
405 860644
516 843832
433 843471
905 836781
15 836530
503 834621
18 806730
56 804704
575 800179
434 793163
203 792189
195 776189
199 775805
383 772280
375 766836
208 764109
178 725689
783 720641
385 688026
799 674152
873 661813
803 655759
169 614687
507 583537
423 578080
637 570261
255 568335
469 557547
317 556598
205 551784
155 548932
254 546860
779 545424
55 538592
458 500564
253 494662
829 491253
83 484226
445 475508
844 474591
344 463688
65 462110
188 432919
359 430130
157 411566
206 402848
451 395698
527 377249
176 367384
496 362754
888 356610
808 353555
103 340523
579 331059
338 309139
328 302322
464 300086
318 293240
479 291913
869 288330
425 285734
217 285021
734 279140
585 274541
228 269879
96 268112
28 263324
36 263142
233 258960
59 257636
459 256004
158 250197
356 249285
706 241926
258 238562
184 234547
84 219617
508 219096
534 215969
389 211361
348 203621
308 202310
315 199125
448 196095
614 195812
189 195118
283 192743
316 186977
887 181424
335 179492
329 175518
194 173737
471 171663
53 169895
686 158711
472 154517
866 153529
186 150936
563 148347
73 141883
417 140867
24 140597
98 136558
809 129806
599 129495
694 129311
518 129123
218 125960
357 122308
183 121597
533 120230
223 119860
43 114541
173 111581
687 110003
488 109390
834 109374
326 108900
198 105814
75 102804
461 102558
859 102249
106 101978
99 99088
104 96083
634 95378
355 94562
226 94447
848 93724
719 92650
105 91998
204 91700
699 91106
164 90514
97 88791
256 88290
766 88253
535 87996
813 87455
167 84433
473 83763
514 83678
677 81902
588 81893
744 79990
756 77668
774 77634
35 73506
789 73477
645 69474
89 66932
736 65656
577 64683
597 64614
595 64148
85 62014
450 61408
544 59444
696 56054
277 53347
695 53192
470 53144
224 50476
78 50455
865 49982
227 49554
769 48611
408 47815
377 47581
885 46377
29 44570
415 43788
755 42525
679 41939
462 41907
593 41267
79 40051
346 38573
657 37715
573 37679
44 37578
727 37054
455 36915
235 36329
68 35971
354 35948
457 34605
539 33921
225 32832
523 32455
366 31572
47 30312
616 29577
509 28449
823 28439
165 25947
525 24569
853 23848
19 23410
347 23406
824 22715
709 22667
675 22161
749 21928
589 21298
384 21151
729 19629
45 19255
86 18623
707 18553
77 18488
738 18321
193 18190
765 18086
48 17708
34 17480
519 17432
878 17411
757 17021
368 16800
617 16156
536 15970
703 15188
336 15034
688 14973
498 13910
615 13369
74 12939
875 12700
87 12258
739 12199
526 12118
669 11994
66 11975
427 11923
747 11823
543 10749
723 10697
69 9379
467 9284
644 9236
763 9062
666 7676
668 7671
684 7603
643 7502
658 7316
653 7139
584 6796
475 6591
489 6554
724 6093
598 6009
649 5872
386 5579
733 5204
594 5202
745 4938
743 4718
825 4560
88 4299
753 3968
713 3484
708 3170
764 2905
349 2692
76 2594
583 1857
madeupword0000 0
employed 1
layoff 1
unemployed 1
disabled 1
retired 1
homemaker 1
student 1
